Dakshinkhan
(210, 106536)
(106535, 211)
(108031, 15)

Kafrul
(210, 61499)
(49632, 211)
(62276, 15)

Pallabi
(209, 58889)
(43337, 210)
(59783, 15)

Gulshan
(210, 30775)
(29199, 197)
(31030, 15)

Jorashara
(210, 42838)
(42820, 211)
(43517, 15)

Tongi_West
(124, 56383)
(38492, 125)
(57850, 15)

Baridhara
(174, 44013)
(43888, 175)
(44484, 15)

Uttara_East
(210, 36225)
(36051, 175)
(37226, 15)

Shahali
(210, 44023)
(35169, 211)
(44664, 15)

Tongi_East
(124, 46147)
(46092, 125)
(47470, 15)

Uttara_West
(199, 34922)
(34633, 175)
(35297, 15)

Agargaon
(209, 46235)
(35518, 210)
(47198, 15)

Monipur
(210, 54350)
(43423, 211)
(55134, 15)

Rupnagor
(210, 57526)
(38741, 211)
(57958, 15)

Uttarkhan
(210, 40255)
(40217, 175)
(40977, 15)
